,perturbs,iters,loss
0,0,0,4.066596031188965
1,0,1,4.065507411956787
2,0,2,4.064426898956299
3,0,3,4.062917709350586
4,0,4,4.0614190101623535
5,0,5,4.060338973999023
6,0,6,4.05841064453125
7,0,7,4.056917190551758
8,0,8,4.055426597595215
9,0,9,4.054766654968262
10,1,0,4.066789150238037
11,1,1,4.065700531005859
12,1,2,4.064620494842529
13,1,3,4.063110828399658
14,1,4,4.061612129211426
15,1,5,4.060532093048096
16,1,6,4.058603763580322
17,1,7,4.05711030960083
18,1,8,4.055619716644287
19,1,9,4.054959774017334
20,2,0,4.066965103149414
21,2,1,4.065876483917236
22,2,2,4.064795970916748
23,2,3,4.063286304473877
24,2,4,4.0617876052856445
25,2,5,4.0607075691223145
26,2,6,4.058779239654541
27,2,7,4.057285785675049
28,2,8,4.055795192718506
29,2,9,4.055135250091553
30,3,0,4.067139148712158
31,3,1,4.0660505294799805
32,3,2,4.064970016479492
33,3,3,4.063460350036621
34,3,4,4.061961650848389
35,3,5,4.0608811378479
36,3,6,4.058953285217285
37,3,7,4.057459831237793
38,3,8,4.05596923828125
39,3,9,4.055309295654297
40,4,0,4.067303657531738
41,4,1,4.066214561462402
42,4,2,4.065134048461914
43,4,3,4.063624858856201
44,4,4,4.0621256828308105
45,4,5,4.0610456466674805
46,4,6,4.059117317199707
47,4,7,4.057623863220215
48,4,8,4.056133270263672
49,4,9,4.055473804473877
50,5,0,4.067467212677002
51,5,1,4.066378593444824
52,5,2,4.065297603607178
53,5,3,4.063787937164307
54,5,4,4.062289237976074
55,5,5,4.061209201812744
56,5,6,4.059280872344971
57,5,7,4.0577874183654785
58,5,8,4.0562968254089355
59,5,9,4.055637359619141
60,6,0,4.067628860473633
61,6,1,4.066539764404297
62,6,2,4.065459728240967
63,6,3,4.0639495849609375
64,6,4,4.062451362609863
65,6,5,4.061370849609375
66,6,6,4.05944299697876
67,6,7,4.057949066162109
68,6,8,4.056458473205566
69,6,9,4.0557990074157715
70,7,0,4.067790508270264
71,7,1,4.0667009353637695
72,7,2,4.065620422363281
73,7,3,4.06411075592041
74,7,4,4.062612533569336
75,7,5,4.061532020568848
76,7,6,4.059603691101074
77,7,7,4.058110237121582
78,7,8,4.056619167327881
79,7,9,4.055960178375244
80,8,0,4.06795072555542
81,8,1,4.066861629486084
82,8,2,4.065781116485596
83,8,3,4.064271450042725
84,8,4,4.06277322769165
85,8,5,4.061692714691162
86,8,6,4.059764385223389
87,8,7,4.058270454406738
88,8,8,4.056779861450195
89,8,9,4.0561203956604
90,9,0,4.068110466003418
91,9,1,4.067021369934082
92,9,2,4.065940856933594
93,9,3,4.0644307136535645
94,9,4,4.06293249130249
95,9,5,4.061851978302002
96,9,6,4.0599236488342285
97,9,7,4.0584306716918945
98,9,8,4.056939125061035
99,9,9,4.05627965927124
