,perturbs,iters,loss
0,0,0,3.9725873470306396
1,0,1,3.9719324111938477
2,0,2,3.970853328704834
3,0,3,3.9701926708221436
4,0,4,3.967008113861084
5,0,5,3.966348648071289
6,0,6,3.9652645587921143
7,0,7,3.9641811847686768
8,0,8,3.963524580001831
9,0,9,3.961613655090332
10,0,10,3.9605367183685303
11,0,11,3.959887981414795
12,0,12,3.9583911895751953
13,0,13,3.9568967819213867
14,0,14,3.9558277130126953
15,0,15,3.9543254375457764
16,0,16,3.953681468963623
17,0,17,3.952596664428711
18,0,18,3.9519388675689697
19,0,19,3.9491841793060303
20,0,20,3.948110580444336
21,0,21,3.94704270362854
22,0,22,3.9455454349517822
23,0,23,3.9444611072540283
24,0,24,3.9438180923461914
25,0,25,3.943161725997925
26,0,26,3.9420852661132812
27,0,27,3.941422462463379
28,0,28,3.940342426300049
29,0,29,3.9396896362304688
30,0,30,3.9386136531829834
31,0,31,3.9371132850646973
32,0,32,3.9360527992248535
33,0,33,3.934967517852783
34,0,34,3.933894157409668
35,0,35,3.933238983154297
36,0,36,3.932588577270508
37,0,37,3.93152117729187
38,0,38,3.9304463863372803
39,0,39,3.9297914505004883
40,0,40,3.9287023544311523
41,0,41,3.9280574321746826
42,0,42,3.9269773960113525
43,0,43,3.9258992671966553
44,0,44,3.9248173236846924
45,0,45,3.923733711242676
46,0,46,3.922666549682617
47,0,47,3.9211831092834473
48,0,48,3.920527696609497
49,0,49,3.9194655418395996
50,0,50,3.9184036254882812
51,0,51,3.916503429412842
52,0,52,3.915846824645996
53,0,53,3.9152023792266846
54,0,54,3.9145467281341553
55,0,55,3.9130613803863525
56,0,56,3.912407636642456
57,0,57,3.9117660522460938
58,0,58,3.9111087322235107
59,0,59,3.910038709640503
60,0,60,3.9093923568725586
61,0,61,3.9087326526641846
62,0,62,3.908083915710449
63,0,63,3.9074363708496094
64,0,64,3.906359910964966
65,0,65,3.9052860736846924
66,0,66,3.904635190963745
67,0,67,3.903578281402588
68,0,68,3.902514934539795
69,0,69,3.900606155395508
70,0,70,3.899538278579712
71,0,71,3.898052930831909
72,0,72,3.896984815597534
73,0,73,3.8963286876678467
74,0,74,3.8956804275512695
75,0,75,3.895033597946167
76,0,76,3.8931386470794678
77,0,77,3.8920443058013916
78,0,78,3.8909735679626465
79,0,79,3.890331745147705
80,0,80,3.8892719745635986
81,0,81,3.88862681388855
82,0,82,3.8879802227020264
83,0,83,3.8873305320739746
84,0,84,3.886256217956543
85,0,85,3.8856089115142822
86,0,86,3.8849687576293945
87,0,87,3.8839046955108643
88,0,88,3.8815841674804688
89,0,89,3.8805198669433594
90,0,90,3.879869222640991
91,0,91,3.8788089752197266
92,0,92,3.8777387142181396
93,0,93,3.876246213912964
94,0,94,3.875600814819336
95,0,95,3.8745429515838623
96,0,96,3.87306547164917
97,0,97,3.87241792678833
98,0,98,3.8717641830444336
99,0,99,3.8711209297180176
100,1,0,3.972764253616333
101,1,1,3.972109317779541
102,1,2,3.9710299968719482
103,1,3,3.970369338989258
104,1,4,3.9671847820281982
105,1,5,3.9665253162384033
106,1,6,3.9654412269592285
107,1,7,3.96435809135437
108,1,8,3.9637012481689453
109,1,9,3.9617903232574463
110,1,10,3.9607133865356445
111,1,11,3.9600648880004883
112,1,12,3.9585680961608887
113,1,13,3.95707368850708
114,1,14,3.9560043811798096
115,1,15,3.9545018672943115
116,1,16,3.9538581371307373
117,1,17,3.952773332595825
118,1,18,3.952115535736084
119,1,19,3.9493608474731445
120,1,20,3.948287010192871
121,1,21,3.9472193717956543
122,1,22,3.9457221031188965
123,1,23,3.9446372985839844
124,1,24,3.9439942836761475
125,1,25,3.943337917327881
126,1,26,3.9422614574432373
127,1,27,3.941598653793335
128,1,28,3.940518617630005
129,1,29,3.939866065979004
130,1,30,3.9387898445129395
131,1,31,3.9372894763946533
132,1,32,3.9362292289733887
133,1,33,3.9351437091827393
134,1,34,3.934070587158203
135,1,35,3.933415174484253
136,1,36,3.932765007019043
137,1,37,3.931697368621826
138,1,38,3.9306228160858154
139,1,39,3.9299676418304443
140,1,40,3.9288785457611084
141,1,41,3.9282336235046387
142,1,42,3.9271535873413086
143,1,43,3.9260752201080322
144,1,44,3.9249932765960693
145,1,45,3.923909902572632
146,1,46,3.922842502593994
147,1,47,3.9213593006134033
148,1,48,3.920703649520874
149,1,49,3.9196414947509766
150,1,50,3.918579339981079
151,1,51,3.9166793823242188
152,1,52,3.916023015975952
153,1,53,3.9153783321380615
154,1,54,3.9147226810455322
155,1,55,3.9132373332977295
156,1,56,3.912583589553833
157,1,57,3.911942481994629
158,1,58,3.911284923553467
159,1,59,3.910214900970459
160,1,60,3.9095680713653564
161,1,61,3.9089086055755615
162,1,62,3.908259868621826
163,1,63,3.9076123237609863
164,1,64,3.9065358638763428
165,1,65,3.9054620265960693
166,1,66,3.904811143875122
167,1,67,3.903754234313965
168,1,68,3.9026904106140137
169,1,69,3.9007818698883057
170,1,70,3.8997139930725098
171,1,71,3.898228645324707
172,1,72,3.897160530090332
173,1,73,3.8965041637420654
174,1,74,3.8958561420440674
175,1,75,3.895209312438965
176,1,76,3.8933143615722656
177,1,77,3.8922200202941895
178,1,78,3.8911492824554443
179,1,79,3.890507459640503
180,1,80,3.8894476890563965
181,1,81,3.8888022899627686
182,1,82,3.888155937194824
183,1,83,3.8875062465667725
184,1,84,3.8864316940307617
185,1,85,3.885784387588501
186,1,86,3.8851442337036133
187,1,87,3.884079933166504
188,1,88,3.8817596435546875
189,1,89,3.880695104598999
190,1,90,3.880044937133789
191,1,91,3.878984212875366
192,1,92,3.8779141902923584
193,1,93,3.8764212131500244
194,1,94,3.8757760524749756
195,1,95,3.87471866607666
196,1,96,3.8732409477233887
197,1,97,3.8725929260253906
198,1,98,3.8719396591186523
199,1,99,3.8712961673736572
200,2,0,3.972932815551758
201,2,1,3.972278118133545
202,2,2,3.971198558807373
203,2,3,3.9705381393432617
204,2,4,3.967353343963623
205,2,5,3.966693639755249
206,2,6,3.9656097888946533
207,2,7,3.964526891708374
208,2,8,3.96386981010437
209,2,9,3.961958646774292
210,2,10,3.9608817100524902
211,2,11,3.960232973098755
212,2,12,3.9587361812591553
213,2,13,3.9572417736053467
214,2,14,3.956172466278076
215,2,15,3.9546701908111572
216,2,16,3.954026222229004
217,2,17,3.952941656112671
218,2,18,3.9522836208343506
219,2,19,3.9495291709899902
220,2,20,3.948455572128296
221,2,21,3.947387456893921
222,2,22,3.945890426635742
223,2,23,3.944805860519409
224,2,24,3.944162368774414
225,2,25,3.9435064792633057
226,2,26,3.942429542541504
227,2,27,3.9417667388916016
228,2,28,3.9406867027282715
229,2,29,3.9400343894958496
230,2,30,3.938957929611206
231,2,31,3.937457799911499
232,2,32,3.9363973140716553
233,2,33,3.935311794281006
234,2,34,3.9342386722564697
235,2,35,3.9335830211639404
236,2,36,3.9329330921173096
237,2,37,3.9318652153015137
238,2,38,3.930790424346924
239,2,39,3.930135488510132
240,2,40,3.929046869277954
241,2,41,3.9284017086029053
242,2,42,3.927321195602417
243,2,43,3.9262430667877197
244,2,44,3.925161123275757
245,2,45,3.9240777492523193
246,2,46,3.9230105876922607
247,2,47,3.921527147293091
248,2,48,3.9208717346191406
249,2,49,3.919809341430664
250,2,50,3.9187474250793457
251,2,51,3.916846990585327
252,2,52,3.9161906242370605
253,2,53,3.915546178817749
254,2,54,3.9148905277252197
255,2,55,3.913404941558838
256,2,56,3.9127514362335205
257,2,57,3.912109851837158
258,2,58,3.911452293395996
259,2,59,3.9103825092315674
260,2,60,3.909735918045044
261,2,61,3.90907621383667
262,2,62,3.9084274768829346
263,2,63,3.9077799320220947
264,2,64,3.906703233718872
265,2,65,3.9056296348571777
266,2,66,3.9049787521362305
267,2,67,3.9039218425750732
268,2,68,3.902858018875122
269,2,69,3.900949239730835
270,2,70,3.899881362915039
271,2,71,3.8983962535858154
272,2,72,3.8973281383514404
273,2,73,3.896671772003174
274,2,74,3.896023750305176
275,2,75,3.895376682281494
276,2,76,3.893481731414795
277,2,77,3.8923871517181396
278,2,78,3.8913168907165527
279,2,79,3.8906748294830322
280,2,80,3.8896148204803467
281,2,81,3.888969898223877
282,2,82,3.8883230686187744
283,2,83,3.8876736164093018
284,2,84,3.88659930229187
285,2,85,3.8859517574310303
286,2,86,3.8853113651275635
287,2,87,3.884247303009033
288,2,88,3.8819267749786377
289,2,89,3.8808624744415283
290,2,90,3.88021183013916
291,2,91,3.8791515827178955
292,2,92,3.8780810832977295
293,2,93,3.8765883445739746
294,2,94,3.875943422317505
295,2,95,3.8748855590820312
296,2,96,3.8734076023101807
297,2,97,3.8727598190307617
298,2,98,3.8721065521240234
299,2,99,3.8714630603790283
300,3,0,3.973098039627075
301,3,1,3.9724435806274414
302,3,2,3.9713642597198486
303,3,3,3.970703601837158
304,3,4,3.9675185680389404
305,3,5,3.9668593406677246
306,3,6,3.96577525138855
307,3,7,3.9646918773651123
308,3,8,3.9640352725982666
309,3,9,3.9621238708496094
310,3,10,3.961047410964966
311,3,11,3.9603986740112305
312,3,12,3.958901882171631
313,3,13,3.9574074745178223
314,3,14,3.9563379287719727
315,3,15,3.9548354148864746
316,3,16,3.9541916847229004
317,3,17,3.9531071186065674
318,3,18,3.952449321746826
319,3,19,3.9496941566467285
320,3,20,3.9486207962036133
321,3,21,3.9475529193878174
322,3,22,3.9460554122924805
323,3,23,3.9449710845947266
324,3,24,3.9443280696868896
325,3,25,3.943671703338623
326,3,26,3.9425950050354004
327,3,27,3.941932439804077
328,3,28,3.940852165222168
329,3,29,3.940199613571167
330,3,30,3.9391236305236816
331,3,31,3.9376230239868164
332,3,32,3.9365622997283936
333,3,33,3.9354770183563232
334,3,34,3.934403657913208
335,3,35,3.933748722076416
336,3,36,3.933098316192627
337,3,37,3.932030439376831
338,3,38,3.9309561252593994
339,3,39,3.9303011894226074
340,3,40,3.9292118549346924
341,3,41,3.9285666942596436
342,3,42,3.9274866580963135
343,3,43,3.9264087677001953
344,3,44,3.925326347351074
345,3,45,3.9242429733276367
346,3,46,3.923175573348999
347,3,47,3.921692371368408
348,3,48,3.921036720275879
349,3,49,3.9199745655059814
350,3,50,3.918912410736084
351,3,51,3.9170124530792236
352,3,52,3.916356086730957
353,3,53,3.9157111644744873
354,3,54,3.915055513381958
355,3,55,3.9135706424713135
356,3,56,3.912916660308838
357,3,57,3.9122748374938965
358,3,58,3.9116175174713135
359,3,59,3.9105474948883057
360,3,60,3.9099011421203613
361,3,61,3.9092414379119873
362,3,62,3.908592462539673
363,3,63,3.907945156097412
364,3,64,3.9068684577941895
365,3,65,3.905794858932495
366,3,66,3.9051437377929688
367,3,67,3.9040868282318115
368,3,68,3.9030230045318604
369,3,69,3.9011142253875732
370,3,70,3.9000463485717773
371,3,71,3.8985612392425537
372,3,72,3.8974931240081787
373,3,73,3.896836757659912
374,3,74,3.896188735961914
375,3,75,3.8955416679382324
376,3,76,3.893646717071533
377,3,77,3.892552137374878
378,3,78,3.891481876373291
379,3,79,3.8908398151397705
380,3,80,3.889779806137085
381,3,81,3.8891348838806152
382,3,82,3.8884880542755127
383,3,83,3.88783860206604
384,3,84,3.8867642879486084
385,3,85,3.8861167430877686
386,3,86,3.8854763507843018
387,3,87,3.8844122886657715
388,3,88,3.882091760635376
389,3,89,3.8810274600982666
390,3,90,3.8803768157958984
391,3,91,3.879316568374634
392,3,92,3.8782460689544678
393,3,93,3.876753330230713
394,3,94,3.876108407974243
395,3,95,3.8750505447387695
396,3,96,3.873572826385498
397,3,97,3.8729248046875
398,3,98,3.8722715377807617
399,3,99,3.8716280460357666
400,4,0,3.9732630252838135
401,4,1,3.9726085662841797
402,4,2,3.971529006958008
403,4,3,3.9708683490753174
404,4,4,3.9676835536956787
405,4,5,3.967024326324463
406,4,6,3.965939998626709
407,4,7,3.9648568630218506
408,4,8,3.9641997814178467
409,4,9,3.9622886180877686
410,4,10,3.961212158203125
411,4,11,3.9605634212493896
412,4,12,3.959066152572632
413,4,13,3.9575717449188232
414,4,14,3.9565024375915527
415,4,15,3.955000162124634
416,4,16,3.9543561935424805
417,4,17,3.9532718658447266
418,4,18,3.952613592147827
419,4,19,3.9498589038848877
420,4,20,3.9487853050231934
421,4,21,3.9477174282073975
422,4,22,3.9462199211120605
423,4,23,3.9451355934143066
424,4,24,3.9444923400878906
425,4,25,3.943836212158203
426,4,26,3.9427592754364014
427,4,27,3.942096710205078
428,4,28,3.94101619720459
429,4,29,3.940363645553589
430,4,30,3.9392876625061035
431,4,31,3.9377872943878174
432,4,32,3.9367268085479736
433,4,33,3.935641050338745
434,4,34,3.934567928314209
435,4,35,3.933912754058838
436,4,36,3.933262348175049
437,4,37,3.932194471359253
438,4,38,3.931119918823242
439,4,39,3.93046498298645
440,4,40,3.929375410079956
441,4,41,3.9287312030792236
442,4,42,3.9276504516601562
443,4,43,3.926572322845459
444,4,44,3.925490617752075
445,4,45,3.9244067668914795
446,4,46,3.923339366912842
447,4,47,3.921856164932251
448,4,48,3.9212005138397217
449,4,49,3.920138359069824
450,4,50,3.9190762042999268
451,4,51,3.9171762466430664
452,4,52,3.9165198802948
453,4,53,3.91587495803833
454,4,54,3.915219306945801
455,4,55,3.913733959197998
456,4,56,3.9130804538726807
457,4,57,3.9124386310577393
458,4,58,3.911781072616577
459,4,59,3.9107110500335693
460,4,60,3.910064220428467
461,4,61,3.909404993057251
462,4,62,3.9087557792663574
463,4,63,3.908108711242676
464,4,64,3.907031774520874
465,4,65,3.9059579372406006
466,4,66,3.905306816101074
467,4,67,3.904249906539917
468,4,68,3.903186082839966
469,4,69,3.9012773036956787
470,4,70,3.900209665298462
471,4,71,3.898724317550659
472,4,72,3.897656202316284
473,4,73,3.8969998359680176
474,4,74,3.8963518142700195
475,4,75,3.895704984664917
476,4,76,3.8938097953796387
477,4,77,3.8927152156829834
478,4,78,3.8916444778442383
479,4,79,3.891003131866455
480,4,80,3.8899426460266113
481,4,81,3.8892977237701416
482,4,82,3.888650894165039
483,4,83,3.8880012035369873
484,4,84,3.8869268894195557
485,4,85,3.886279344558716
486,4,86,3.885639190673828
487,4,87,3.8845748901367188
488,4,88,3.8822543621063232
489,4,89,3.8811898231506348
490,4,90,3.880539655685425
491,4,91,3.879479169845581
492,4,92,3.878408670425415
493,4,93,3.8769161701202393
494,4,94,3.8762707710266113
495,4,95,3.875213146209717
496,4,96,3.873735189437866
497,4,97,3.8730874061584473
498,4,98,3.87243390083313
499,4,99,3.8717904090881348
500,5,0,3.9734230041503906
501,5,1,3.972768545150757
502,5,2,3.971689224243164
503,5,3,3.9710283279418945
504,5,4,3.967843532562256
505,5,5,3.96718430519104
506,5,6,3.966099977493286
507,5,7,3.9650168418884277
508,5,8,3.964359998703003
509,5,9,3.9624485969543457
510,5,10,3.961372137069702
511,5,11,3.960723400115967
512,5,12,3.959226131439209
513,5,13,3.9577317237854004
514,5,14,3.95666241645813
515,5,15,3.955160140991211
516,5,16,3.9545161724090576
517,5,17,3.9534318447113037
518,5,18,3.9527735710144043
519,5,19,3.9500186443328857
520,5,20,3.9489448070526123
521,5,21,3.9478774070739746
522,5,22,3.9463798999786377
523,5,23,3.945295572280884
524,5,24,3.9446523189544678
525,5,25,3.9439961910247803
526,5,26,3.9429192543029785
527,5,27,3.942256450653076
528,5,28,3.941176176071167
529,5,29,3.940523624420166
530,5,30,3.9394476413726807
531,5,31,3.9379475116729736
532,5,32,3.9368865489959717
533,5,33,3.9358012676239014
534,5,34,3.934727907180786
535,5,35,3.934072732925415
536,5,36,3.933422327041626
537,5,37,3.932354688644409
538,5,38,3.9312798976898193
539,5,39,3.9306249618530273
540,5,40,3.9295356273651123
541,5,41,3.9288909435272217
542,5,42,3.9278104305267334
543,5,43,3.926732063293457
544,5,44,3.9256505966186523
545,5,45,3.9245667457580566
546,5,46,3.923499345779419
547,5,47,3.922016143798828
548,5,48,3.921360492706299
549,5,49,3.9202980995178223
550,5,50,3.919235944747925
551,5,51,3.9173357486724854
552,5,52,3.9166793823242188
553,5,53,3.9160349369049072
554,5,54,3.915379047393799
555,5,55,3.913893699645996
556,5,56,3.9132399559020996
557,5,57,3.9125983715057373
558,5,58,3.911940813064575
559,5,59,3.9108705520629883
560,5,60,3.910224199295044
561,5,61,3.909564256668091
562,5,62,3.9089155197143555
563,5,63,3.908268451690674
564,5,64,3.907191514968872
565,5,65,3.9061176776885986
566,5,66,3.9054667949676514
567,5,67,3.904409885406494
568,5,68,3.903345823287964
569,5,69,3.901437282562256
570,5,70,3.900369167327881
571,5,71,3.8988840579986572
572,5,72,3.8978161811828613
573,5,73,3.8971598148345947
574,5,74,3.8965117931365967
575,5,75,3.895864248275757
576,5,76,3.8939695358276367
577,5,77,3.8928749561309814
578,5,78,3.8918042182922363
579,5,79,3.891162633895874
580,5,80,3.8901023864746094
581,5,81,3.8894574642181396
582,5,82,3.888810634613037
583,5,83,3.8881611824035645
584,5,84,3.887086868286133
585,5,85,3.886439323425293
586,5,86,3.885798931121826
587,5,87,3.884734630584717
588,5,88,3.882413864135742
589,5,89,3.881349563598633
590,5,90,3.880699396133423
591,5,91,3.879638671875
592,5,92,3.878568410873413
593,5,93,3.877075433731079
594,5,94,3.8764305114746094
595,5,95,3.8753724098205566
596,5,96,3.8738949298858643
597,5,97,3.8732471466064453
598,5,98,3.872593641281128
599,5,99,3.8719499111175537
600,6,0,3.9735817909240723
601,6,1,3.9729270935058594
602,6,2,3.9718472957611084
603,6,3,3.971186876296997
604,6,4,3.9680023193359375
605,6,5,3.9673423767089844
606,6,6,3.9662587642669678
607,6,7,3.965175151824951
608,6,8,3.9645183086395264
609,6,9,3.9626071453094482
610,6,10,3.9615304470062256
611,6,11,3.9608817100524902
612,6,12,3.9593842029571533
613,6,13,3.9578897953033447
614,6,14,3.9568207263946533
615,6,15,3.9553184509277344
616,6,16,3.954674243927002
617,6,17,3.953589916229248
618,6,18,3.9529318809509277
619,6,19,3.95017671585083
620,6,20,3.9491031169891357
621,6,21,3.94803524017334
622,6,22,3.946537971496582
623,6,23,3.945453643798828
624,6,24,3.944809913635254
625,6,25,3.9441535472869873
626,6,26,3.943077325820923
627,6,27,3.9424142837524414
628,6,28,3.9413340091705322
629,6,29,3.940681219100952
630,6,30,3.939605474472046
631,6,31,3.9381048679351807
632,6,32,3.937044382095337
633,6,33,3.9359586238861084
634,6,34,3.9348855018615723
635,6,35,3.934230327606201
636,6,36,3.933579921722412
637,6,37,3.932512044906616
638,6,38,3.9314374923706055
639,6,39,3.9307823181152344
640,6,40,3.9296929836273193
641,6,41,3.9290482997894287
642,6,42,3.9279677867889404
643,6,43,3.926889657974243
644,6,44,3.925807476043701
645,6,45,3.9247238636016846
646,6,46,3.923656463623047
647,6,47,3.922173261642456
648,6,48,3.9215176105499268
649,6,49,3.9204554557800293
650,6,50,3.9193930625915527
651,6,51,3.9174931049346924
652,6,52,3.916836738586426
653,6,53,3.916191816329956
654,6,54,3.9155361652374268
655,6,55,3.914050817489624
656,6,56,3.9133970737457275
657,6,57,3.9127554893493652
658,6,58,3.912097930908203
659,6,59,3.911027669906616
660,6,60,3.9103810787200928
661,6,61,3.9097211360931396
662,6,62,3.9090723991394043
663,6,63,3.9084253311157227
664,6,64,3.907348394393921
665,6,65,3.9062745571136475
666,6,66,3.905623435974121
667,6,67,3.904566526412964
668,6,68,3.9035027027130127
669,6,69,3.9015936851501465
670,6,70,3.9005258083343506
671,6,71,3.899040460586548
672,6,72,3.897972345352173
673,6,73,3.8973164558410645
674,6,74,3.896667957305908
675,6,75,3.8960208892822266
676,6,76,3.8941261768341064
677,6,77,3.893031358718872
678,6,78,3.891960620880127
679,6,79,3.8913190364837646
680,6,80,3.890259027481079
681,6,81,3.889613628387451
682,6,82,3.8889667987823486
683,6,83,3.888317346572876
684,6,84,3.8872430324554443
685,6,85,3.8865950107574463
686,6,86,3.8859548568725586
687,6,87,3.8848907947540283
688,6,88,3.882570266723633
689,6,89,3.8815054893493652
690,6,90,3.8808553218841553
691,6,91,3.8797945976257324
692,6,92,3.8787243366241455
693,6,93,3.8772313594818115
694,6,94,3.8765861988067627
695,6,95,3.875528335571289
696,6,96,3.8740506172180176
697,6,97,3.8734030723571777
698,6,98,3.8727493286132812
699,6,99,3.872105836868286
700,7,0,3.973737955093384
701,7,1,3.973083734512329
702,7,2,3.972003936767578
703,7,3,3.9713430404663086
704,7,4,3.968158721923828
705,7,5,3.967498540878296
706,7,6,3.9664149284362793
707,7,7,3.965331792831421
708,7,8,3.964674472808838
709,7,9,3.9627633094787598
710,7,10,3.961686849594116
711,7,11,3.961038112640381
712,7,12,3.959541082382202
713,7,13,3.9580461978912354
714,7,14,3.956977128982544
715,7,15,3.955474615097046
716,7,16,3.9548304080963135
717,7,17,3.9537460803985596
718,7,18,3.9530880451202393
719,7,19,3.9503331184387207
720,7,20,3.9492592811584473
721,7,21,3.9481914043426514
722,7,22,3.9466943740844727
723,7,23,3.9456098079681396
724,7,24,3.9449660778045654
725,7,25,3.944309949874878
726,7,26,3.9432337284088135
727,7,27,3.942570447921753
728,7,28,3.9414901733398438
729,7,29,3.9408373832702637
730,7,30,3.9397618770599365
731,7,31,3.938261032104492
732,7,32,3.9372005462646484
733,7,33,3.93611478805542
734,7,34,3.935041666030884
735,7,35,3.9343864917755127
736,7,36,3.9337360858917236
737,7,37,3.932668447494507
738,7,38,3.931593656539917
739,7,39,3.930938720703125
740,7,40,3.92984938621521
741,7,41,3.929204225540161
742,7,42,3.928123950958252
743,7,43,3.9270455837249756
744,7,44,3.9259636402130127
745,7,45,3.924880266189575
746,7,46,3.9238123893737793
747,7,47,3.9223296642303467
748,7,48,3.921673536300659
749,7,49,3.9206113815307617
750,7,50,3.9195492267608643
751,7,51,3.917649030685425
752,7,52,3.916992425918579
753,7,53,3.9163479804992676
754,7,54,3.915692090988159
755,7,55,3.9142067432403564
756,7,56,3.91355299949646
757,7,57,3.9129111766815186
758,7,58,3.9122538566589355
759,7,59,3.9111835956573486
760,7,60,3.9105374813079834
761,7,61,3.909877300262451
762,7,62,3.909228563308716
763,7,63,3.908581256866455
764,7,64,3.9075045585632324
765,7,65,3.90643048286438
766,7,66,3.9057793617248535
767,7,67,3.9047224521636963
768,7,68,3.903658628463745
769,7,69,3.901749849319458
770,7,70,3.900681734085083
771,7,71,3.8991968631744385
772,7,72,3.8981287479400635
773,7,73,3.897472381591797
774,7,74,3.896824359893799
775,7,75,3.896176815032959
776,7,76,3.894282102584839
777,7,77,3.8931872844696045
778,7,78,3.8921167850494385
779,7,79,3.891474962234497
780,7,80,3.8904149532318115
781,7,81,3.8897693157196045
782,7,82,3.889122724533081
783,7,83,3.8884730339050293
784,7,84,3.8873987197875977
785,7,85,3.886751174926758
786,7,86,3.886111259460449
787,7,87,3.8850467205047607
788,7,88,3.8827261924743652
789,7,89,3.881661891937256
790,7,90,3.8810112476348877
791,7,91,3.879950523376465
792,7,92,3.878880500793457
793,7,93,3.877387285232544
794,7,94,3.876742362976074
795,7,95,3.8756842613220215
796,7,96,3.87420654296875
797,7,97,3.87355899810791
798,7,98,3.8729052543640137
799,7,99,3.8722617626190186
800,8,0,3.9738948345184326
801,8,1,3.9732398986816406
802,8,2,3.972160577774048
803,8,3,3.9714999198913574
804,8,4,3.9683148860931396
805,8,5,3.9676554203033447
806,8,6,3.966571569442749
807,8,7,3.9654879570007324
808,8,8,3.9648311138153076
809,8,9,3.9629199504852295
810,8,10,3.9618430137634277
811,8,11,3.9611942768096924
812,8,12,3.9596974849700928
813,8,13,3.958202600479126
814,8,14,3.9571335315704346
815,8,15,3.9556312561035156
816,8,16,3.954987049102783
817,8,17,3.95390248298645
818,8,18,3.953244209289551
819,8,19,3.9504895210266113
820,8,20,3.949415445327759
821,8,21,3.948347806930542
822,8,22,3.946850538253784
823,8,23,3.9457662105560303
824,8,24,3.945122480392456
825,8,25,3.9444661140441895
826,8,26,3.943389654159546
827,8,27,3.9427268505096436
828,8,28,3.9416465759277344
829,8,29,3.940993547439575
830,8,30,3.9399173259735107
831,8,31,3.938417434692383
832,8,32,3.93735671043396
833,8,33,3.9362711906433105
834,8,34,3.9351978302001953
835,8,35,3.934542417526245
836,8,36,3.933891773223877
837,8,37,3.932823896408081
838,8,38,3.9317493438720703
839,8,39,3.931094169616699
840,8,40,3.9300053119659424
841,8,41,3.9293601512908936
842,8,42,3.9282798767089844
843,8,43,3.92720103263855
844,8,44,3.926119565963745
845,8,45,3.9250359535217285
846,8,46,3.923968553543091
847,8,47,3.922485589981079
848,8,48,3.9218297004699707
849,8,49,3.920767068862915
850,8,50,3.9197049140930176
851,8,51,3.917804479598999
852,8,52,3.9171483516693115
853,8,53,3.916503667831421
854,8,54,3.9158477783203125
855,8,55,3.9143624305725098
856,8,56,3.9137086868286133
857,8,57,3.913066864013672
858,8,58,3.912409543991089
859,8,59,3.911339282989502
860,8,60,3.9106924533843994
861,8,61,3.9100329875946045
862,8,62,3.90938401222229
863,8,63,3.908736228942871
864,8,64,3.9076600074768066
865,8,65,3.906585931777954
866,8,66,3.905935287475586
867,8,67,3.9048781394958496
868,8,68,3.9038140773773193
869,8,69,3.9019052982330322
870,8,70,3.9008374214172363
871,8,71,3.8993520736694336
872,8,72,3.8982837200164795
873,8,73,3.897627353668213
874,8,74,3.896979331970215
875,8,75,3.896332025527954
876,8,76,3.894437074661255
877,8,77,3.8933427333831787
878,8,78,3.8922717571258545
879,8,79,3.891629934310913
880,8,80,3.8905699253082275
881,8,81,3.8899242877960205
882,8,82,3.889277696609497
883,8,83,3.8886282444000244
884,8,84,3.8875536918640137
885,8,85,3.886906147003174
886,8,86,3.8862662315368652
887,8,87,3.8852016925811768
888,8,88,3.8828811645507812
889,8,89,3.881816864013672
890,8,90,3.8811662197113037
891,8,91,3.880105495452881
892,8,92,3.879035234451294
893,8,93,3.877542495727539
894,8,94,3.876897096633911
895,8,95,3.8758392333984375
896,8,96,3.874361515045166
897,8,97,3.873713731765747
898,8,98,3.8730599880218506
899,8,99,3.8724167346954346
900,9,0,3.9740493297576904
901,9,1,3.9733946323394775
902,9,2,3.9723153114318848
903,9,3,3.971654176712036
904,9,4,3.9684698581695557
905,9,5,3.9678099155426025
906,9,6,3.9667258262634277
907,9,7,3.9656426906585693
908,9,8,3.9649856090545654
909,9,9,3.9630746841430664
910,9,10,3.9619977474212646
911,9,11,3.9613490104675293
912,9,12,3.9598517417907715
913,9,13,3.958357334136963
914,9,14,3.9572880268096924
915,9,15,3.9557855129241943
916,9,16,3.95514178276062
917,9,17,3.954056978225708
918,9,18,3.9533987045288086
919,9,19,3.950644016265869
920,9,20,3.949570417404175
921,9,21,3.9485023021698
922,9,22,3.947004795074463
923,9,23,3.945920467376709
924,9,24,3.945276975631714
925,9,25,3.9446206092834473
926,9,26,3.9435439109802246
927,9,27,3.9428811073303223
928,9,28,3.941800832748413
929,9,29,3.941148042678833
930,9,30,3.9400720596313477
931,9,31,3.9385716915130615
932,9,32,3.9375112056732178
933,9,33,3.9364254474639893
934,9,34,3.935352325439453
935,9,35,3.934696674346924
936,9,36,3.9340462684631348
937,9,37,3.932978391647339
938,9,38,3.931903600692749
939,9,39,3.931248664855957
940,9,40,3.930159568786621
941,9,41,3.9295146465301514
942,9,42,3.928434371948242
943,9,43,3.9273555278778076
944,9,44,3.926274061203003
945,9,45,3.9251902103424072
946,9,46,3.9241230487823486
947,9,47,3.922639846801758
948,9,48,3.9219837188720703
949,9,49,3.920921564102173
950,9,50,3.9198591709136963
951,9,51,3.9179587364196777
952,9,52,3.917302370071411
953,9,53,3.9166579246520996
954,9,54,3.916002035140991
955,9,55,3.9145166873931885
956,9,56,3.913862943649292
957,9,57,3.9132211208343506
958,9,58,3.9125635623931885
959,9,59,3.9114935398101807
960,9,60,3.910846710205078
961,9,61,3.910187005996704
962,9,62,3.9095380306243896
963,9,63,3.90889048576355
964,9,64,3.9078142642974854
965,9,65,3.9067399501800537
966,9,66,3.9060895442962646
967,9,67,3.905032157897949
968,9,68,3.903968334197998
969,9,69,3.902059316635132
970,9,70,3.900991439819336
971,9,71,3.899506092071533
972,9,72,3.898437976837158
973,9,73,3.8977818489074707
974,9,74,3.8971335887908936
975,9,75,3.8964860439300537
976,9,76,3.8945910930633545
977,9,77,3.8934967517852783
978,9,78,3.8924262523651123
979,9,79,3.891784191131592
980,9,80,3.890723943710327
981,9,81,3.890078544616699
982,9,82,3.8894317150115967
983,9,83,3.888782501220703
984,9,84,3.8877077102661133
985,9,85,3.8870601654052734
986,9,86,3.8864200115203857
987,9,87,3.8853554725646973
988,9,88,3.8830349445343018
989,9,89,3.8819706439971924
990,9,90,3.8813202381134033
991,9,91,3.8802595138549805
992,9,92,3.8791892528533936
993,9,93,3.8776960372924805
994,9,94,3.8770511150360107
995,9,95,3.875993013381958
996,9,96,3.8745155334472656
997,9,97,3.8738677501678467
998,9,98,3.87321400642395
999,9,99,3.872570514678955
