,perturbs,iters,loss
0,0,0,3.9725873470306396
1,0,1,3.9174790382385254
2,0,2,3.870304822921753
3,0,3,3.820030450820923
4,0,4,3.7659530639648438
5,0,5,3.715540647506714
6,0,6,3.6626386642456055
7,0,7,3.612910509109497
8,0,8,3.5647993087768555
9,0,9,3.5225138664245605
10,0,10,3.477140426635742
11,0,11,3.432157516479492
12,0,12,3.390437364578247
13,0,13,3.346118450164795
14,0,14,3.3051161766052246
15,0,15,3.2660715579986572
16,0,16,3.2281711101531982
17,0,17,3.187678575515747
18,0,18,3.147498607635498
19,0,19,3.110229253768921
20,0,20,3.0719492435455322
21,0,21,3.036548376083374
22,0,22,2.9984421730041504
23,0,23,2.9602737426757812
24,0,24,2.924067497253418
25,0,25,2.8915464878082275
26,0,26,2.857189416885376
27,0,27,2.8222997188568115
28,0,28,2.7885289192199707
29,0,29,2.752539873123169
30,0,30,2.7218682765960693
31,0,31,2.6872670650482178
32,0,32,2.656348943710327
33,0,33,2.627328634262085
34,0,34,2.598219633102417
35,0,35,2.568061113357544
36,0,36,2.54075026512146
37,0,37,2.514922857284546
38,0,38,2.488961935043335
39,0,39,2.4607605934143066
40,0,40,2.4344887733459473
41,0,41,2.407195806503296
42,0,42,2.383108139038086
43,0,43,2.3546242713928223
44,0,44,2.328092098236084
45,0,45,2.3034603595733643
46,0,46,2.277019500732422
47,0,47,2.252074718475342
48,0,48,2.226911783218384
49,0,49,2.203667640686035
50,1,0,3.972752809524536
51,1,1,3.9176440238952637
52,1,2,3.870469808578491
53,1,3,3.820195198059082
54,1,4,3.7661173343658447
55,1,5,3.7157042026519775
56,1,6,3.6628026962280273
57,1,7,3.6130740642547607
58,1,8,3.564962387084961
59,1,9,3.522677183151245
60,1,10,3.4773037433624268
61,1,11,3.4323198795318604
62,1,12,3.3905999660491943
63,1,13,3.346280336380005
64,1,14,3.3052780628204346
65,1,15,3.266232967376709
66,1,16,3.228332042694092
67,1,17,3.187839984893799
68,1,18,3.1476593017578125
69,1,19,3.1103897094726562
70,1,20,3.0721092224121094
71,1,21,3.036708116531372
72,1,22,2.9986019134521484
73,1,23,2.960432767868042
74,1,24,2.924226760864258
75,1,25,2.89170503616333
76,1,26,2.8573479652404785
77,1,27,2.822458028793335
78,1,28,2.788687229156494
79,1,29,2.752697706222534
80,1,30,2.7220258712768555
81,1,31,2.687424421310425
82,1,32,2.656506299972534
83,1,33,2.627485513687134
84,1,34,2.5983762741088867
85,1,35,2.5682175159454346
86,1,36,2.5409061908721924
87,1,37,2.51507830619812
88,1,38,2.4891176223754883
89,1,39,2.46091628074646
90,1,40,2.4346437454223633
91,1,41,2.4073503017425537
92,1,42,2.3832626342773438
93,1,43,2.35477876663208
94,1,44,2.3282461166381836
95,1,45,2.3036139011383057
96,1,46,2.2771730422973633
97,1,47,2.252228021621704
98,1,48,2.227065324783325
99,1,49,2.2038204669952393
100,2,0,3.9729127883911133
101,2,1,3.9178037643432617
102,2,2,3.8706295490264893
103,2,3,3.820354700088501
104,2,4,3.7662763595581055
105,2,5,3.715862989425659
106,2,6,3.66296124458313
107,2,7,3.613232374191284
108,2,8,3.5651204586029053
109,2,9,3.5228350162506104
110,2,10,3.477461099624634
111,2,11,3.4324769973754883
112,2,12,3.390756845474243
113,2,13,3.346437454223633
114,2,14,3.3054347038269043
115,2,15,3.2663893699645996
116,2,16,3.228487968444824
117,2,17,3.187995433807373
118,2,18,3.147814989089966
119,2,19,3.1105449199676514
120,2,20,3.0722646713256836
121,2,21,3.036863088607788
122,2,22,2.998756170272827
123,2,23,2.960587501525879
124,2,24,2.9243812561035156
125,2,25,2.8918590545654297
126,2,26,2.85750150680542
127,2,27,2.8226115703582764
128,2,28,2.7888402938842773
129,2,29,2.7528507709503174
130,2,30,2.7221786975860596
131,2,31,2.68757700920105
132,2,32,2.656658411026001
133,2,33,2.6276373863220215
134,2,34,2.5985281467437744
135,2,35,2.568368911743164
136,2,36,2.541057586669922
137,2,37,2.5152297019958496
138,2,38,2.4892687797546387
139,2,39,2.461066722869873
140,2,40,2.4347941875457764
141,2,41,2.4075005054473877
142,2,42,2.3834128379821777
143,2,43,2.354928731918335
144,2,44,2.3283960819244385
145,2,45,2.3037633895874023
146,2,46,2.2773220539093018
147,2,47,2.2523770332336426
148,2,48,2.2272140979766846
149,2,49,2.2039692401885986
150,3,0,3.973069190979004
151,3,1,3.9179599285125732
152,3,2,3.8707854747772217
153,3,3,3.820510149002075
154,3,4,3.7664318084716797
155,3,5,3.716017961502075
156,3,6,3.663116216659546
157,3,7,3.613386869430542
158,3,8,3.565274953842163
159,3,9,3.52298903465271
160,3,10,3.477614641189575
161,3,11,3.4326305389404297
162,3,12,3.3909101486206055
163,3,13,3.346590280532837
164,3,14,3.3055875301361084
165,3,15,3.2665417194366455
166,3,16,3.228640556335449
167,3,17,3.188147783279419
168,3,18,3.1479668617248535
169,3,19,3.11069655418396
170,3,20,3.072416067123413
171,3,21,3.0370140075683594
172,3,22,2.9989068508148193
173,3,23,2.960737705230713
174,3,24,2.9245312213897705
175,3,25,2.8920092582702637
176,3,26,2.8576512336730957
177,3,27,2.822760581970215
178,3,28,2.788989305496216
179,3,29,2.753000020980835
180,3,30,2.722327470779419
181,3,31,2.68772554397583
182,3,32,2.656806468963623
183,3,33,2.6277852058410645
184,3,34,2.5986757278442383
185,3,35,2.568516492843628
186,3,36,2.5412046909332275
187,3,37,2.5153768062591553
188,3,38,2.489415168762207
189,3,39,2.4612131118774414
190,3,40,2.4349405765533447
191,3,41,2.407646417617798
192,3,42,2.3835582733154297
193,3,43,2.355073928833008
194,3,44,2.328540802001953
195,3,45,2.303907871246338
196,3,46,2.2774667739868164
197,3,47,2.252521276473999
198,3,48,2.227357864379883
199,3,49,2.204113006591797
200,4,0,3.9732460975646973
201,4,1,3.91813588142395
202,4,2,3.8709609508514404
203,4,3,3.8206849098205566
204,4,4,3.7666056156158447
205,4,5,3.716191053390503
206,4,6,3.6632883548736572
207,4,7,3.613558769226074
208,4,8,3.5654454231262207
209,4,9,3.5231592655181885
210,4,10,3.4777843952178955
211,4,11,3.4327993392944336
212,4,12,3.391078233718872
213,4,13,3.346757411956787
214,4,14,3.3057539463043213
215,4,15,3.2667076587677
216,4,16,3.2288055419921875
217,4,17,3.188312530517578
218,4,18,3.1481306552886963
219,4,19,3.1108596324920654
220,4,20,3.0725786685943604
221,4,21,3.0371758937835693
222,4,22,2.999068021774292
223,4,23,2.9608983993530273
224,4,24,2.9246912002563477
225,4,25,2.8921682834625244
226,4,26,2.8578100204467773
227,4,27,2.822918653488159
228,4,28,2.789146900177002
229,4,29,2.753156900405884
230,4,30,2.7224833965301514
231,4,31,2.687880754470825
232,4,32,2.656961441040039
233,4,33,2.627939224243164
234,4,34,2.5988292694091797
235,4,35,2.568669319152832
236,4,36,2.5413570404052734
237,4,37,2.515528440475464
238,4,38,2.4895663261413574
239,4,39,2.4613633155822754
240,4,40,2.4350898265838623
241,4,41,2.4077954292297363
242,4,42,2.383706569671631
243,4,43,2.355221748352051
244,4,44,2.328687906265259
245,4,45,2.3040542602539062
246,4,46,2.2776122093200684
247,4,47,2.252666473388672
248,4,48,2.2275021076202393
249,4,49,2.204256772994995
250,5,0,3.9733974933624268
251,5,1,3.9182870388031006
252,5,2,3.8711118698120117
253,5,3,3.820835590362549
254,5,4,3.766756057739258
255,5,5,3.716341733932495
256,5,6,3.663438081741333
257,5,7,3.613708257675171
258,5,8,3.5655956268310547
259,5,9,3.523308277130127
260,5,10,3.477933406829834
261,5,11,3.432948112487793
262,5,12,3.3912270069122314
263,5,13,3.3469061851501465
264,5,14,3.3059024810791016
265,5,15,3.2668561935424805
266,5,16,3.2289535999298096
267,5,17,3.188459873199463
268,5,18,3.148277997970581
269,5,19,3.111006736755371
270,5,20,3.072725534439087
271,5,21,3.037322521209717
272,5,22,2.9992146492004395
273,5,23,2.9610445499420166
274,5,24,2.924837112426758
275,5,25,2.8923141956329346
276,5,26,2.857954978942871
277,5,27,2.823063373565674
278,5,28,2.7892918586730957
279,5,29,2.7533011436462402
280,5,30,2.722628116607666
281,5,31,2.6880252361297607
282,5,32,2.6571033000946045
283,5,33,2.6280834674835205
284,5,34,2.5989737510681152
285,5,35,2.568812370300293
286,5,36,2.5414998531341553
287,5,37,2.5156710147857666
288,5,38,2.4897091388702393
289,5,39,2.461505651473999
290,5,40,2.435231924057007
291,5,41,2.407935857772827
292,5,42,2.383847951889038
293,5,43,2.355362892150879
294,5,44,2.3288323879241943
295,5,45,2.3041939735412598
296,5,46,2.2777531147003174
297,5,47,2.2528069019317627
298,5,48,2.2276408672332764
299,5,49,2.204395294189453
300,6,0,3.9735524654388428
301,6,1,3.9184415340423584
302,6,2,3.871265411376953
303,6,3,3.8209893703460693
304,6,4,3.76690936088562
305,6,5,3.716494560241699
306,6,6,3.663591146469116
307,6,7,3.613860607147217
308,6,8,3.5657474994659424
309,6,9,3.5234601497650146
310,6,10,3.4780845642089844
311,6,11,3.4330992698669434
312,6,12,3.3913776874542236
313,6,13,3.3470563888549805
314,6,14,3.3060524463653564
315,6,15,3.267005443572998
316,6,16,3.2291030883789062
317,6,17,3.1886086463928223
318,6,18,3.1484267711639404
319,6,19,3.1111555099487305
320,6,20,3.07287335395813
321,6,21,3.037470579147339
322,6,22,2.999361753463745
323,6,23,2.9611918926239014
324,6,24,2.9249839782714844
325,6,25,2.892460584640503
326,6,26,2.8581016063690186
327,6,27,2.823209285736084
328,6,28,2.7894375324249268
329,6,29,2.753446102142334
330,6,30,2.7227723598480225
331,6,31,2.6881699562072754
332,6,32,2.657247543334961
333,6,33,2.6282272338867188
334,6,34,2.5991170406341553
335,6,35,2.568955421447754
336,6,36,2.541642665863037
337,6,37,2.5158133506774902
338,6,38,2.4898507595062256
339,6,39,2.4616470336914062
340,6,40,2.435373067855835
341,6,41,2.408076763153076
342,6,42,2.383988618850708
343,6,43,2.3555030822753906
344,6,44,2.3289713859558105
345,6,45,2.3043336868286133
346,6,46,2.2778921127319336
347,6,47,2.2529451847076416
348,6,48,2.227778911590576
349,6,49,2.2045323848724365
350,7,0,3.9737045764923096
351,7,1,3.918593645095825
352,7,2,3.871417284011841
353,7,3,3.8211405277252197
354,7,4,3.7670605182647705
355,7,5,3.7166452407836914
356,7,6,3.6637415885925293
357,7,7,3.6140105724334717
358,7,8,3.5658974647521973
359,7,9,3.5236096382141113
360,7,10,3.478234052658081
361,7,11,3.4332480430603027
362,7,12,3.391526222229004
363,7,13,3.3472049236297607
364,7,14,3.3062002658843994
365,7,15,3.267153024673462
366,7,16,3.229249954223633
367,7,17,3.188756227493286
368,7,18,3.148573398590088
369,7,19,3.1113014221191406
370,7,20,3.07301926612854
371,7,21,3.037616491317749
372,7,22,2.999507427215576
373,7,23,2.961336374282837
374,7,24,2.925128698348999
375,7,25,2.8926048278808594
376,7,26,2.8582448959350586
377,7,27,2.8233530521392822
378,7,28,2.789580821990967
379,7,29,2.753589391708374
380,7,30,2.722914934158325
381,7,31,2.6883115768432617
382,7,32,2.657388687133789
383,7,33,2.6283681392669678
384,7,34,2.599257707595825
385,7,35,2.5690956115722656
386,7,36,2.5417823791503906
387,7,37,2.5159528255462646
388,7,38,2.489989757537842
389,7,39,2.461785316467285
390,7,40,2.4355108737945557
391,7,41,2.4082143306732178
392,7,42,2.384125232696533
393,7,43,2.3556392192840576
394,7,44,2.329103469848633
395,7,45,2.3044686317443848
396,7,46,2.278026819229126
397,7,47,2.2530786991119385
398,7,48,2.2279117107391357
399,7,49,2.204664707183838
400,8,0,3.9738545417785645
401,8,1,3.91874361038208
402,8,2,3.8715670108795166
403,8,3,3.8212900161743164
404,8,4,3.76720929145813
405,8,5,3.716794013977051
406,8,6,3.6638898849487305
407,8,7,3.6141586303710938
408,8,8,3.566044807434082
409,8,9,3.523756980895996
410,8,10,3.4783809185028076
411,8,11,3.4333949089050293
412,8,12,3.391672372817993
413,8,13,3.347350835800171
414,8,14,3.3063459396362305
415,8,15,3.267298460006714
416,8,16,3.2293951511383057
417,8,17,3.188900947570801
418,8,18,3.1487181186676025
419,8,19,3.111445665359497
420,8,20,3.073162794113159
421,8,21,3.037760019302368
422,8,22,2.999650001525879
423,8,23,2.9614791870117188
424,8,24,2.9252707958221436
425,8,25,2.892746686935425
426,8,26,2.858386516571045
427,8,27,2.8234946727752686
428,8,28,2.789721727371216
429,8,29,2.7537293434143066
430,8,30,2.7230546474456787
431,8,31,2.688450813293457
432,8,32,2.657527446746826
433,8,33,2.6285064220428467
434,8,34,2.599395513534546
435,8,35,2.5692331790924072
436,8,36,2.541919708251953
437,8,37,2.51608943939209
438,8,38,2.4901254177093506
439,8,39,2.461920976638794
440,8,40,2.435645818710327
441,8,41,2.408348798751831
442,8,42,2.384258985519409
443,8,43,2.3557729721069336
444,8,44,2.3292396068573
445,8,45,2.304600477218628
446,8,46,2.27815842628479
447,8,47,2.2532100677490234
448,8,48,2.2280423641204834
449,8,49,2.2047948837280273
450,9,0,3.9739954471588135
451,9,1,3.918884038925171
452,9,2,3.8717074394226074
453,9,3,3.821429967880249
454,9,4,3.7673490047454834
455,9,5,3.716933012008667
456,9,6,3.6640288829803467
457,9,7,3.614297389984131
458,9,8,3.566183567047119
459,9,9,3.523895025253296
460,9,10,3.478520631790161
461,9,11,3.4335319995880127
462,9,12,3.3918092250823975
463,9,13,3.347487449645996
464,9,14,3.3064818382263184
465,9,15,3.2674338817596436
466,9,16,3.2295305728912354
467,9,17,3.189035654067993
468,9,18,3.1488523483276367
469,9,19,3.111579656600952
470,9,20,3.0732970237731934
471,9,21,3.037893295288086
472,9,22,2.9997830390930176
473,9,23,2.9616124629974365
474,9,24,2.925403356552124
475,9,25,2.892878770828247
476,9,26,2.858518600463867
477,9,27,2.8236262798309326
478,9,28,2.7898528575897217
479,9,29,2.7538604736328125
480,9,30,2.7231853008270264
481,9,31,2.6885807514190674
482,9,32,2.657658100128174
483,9,33,2.628636121749878
484,9,34,2.599524974822998
485,9,35,2.5693624019622803
486,9,36,2.542048454284668
487,9,37,2.516218423843384
488,9,38,2.4902539253234863
489,9,39,2.4620490074157715
490,9,40,2.4357731342315674
491,9,41,2.408475875854492
492,9,42,2.384385824203491
493,9,43,2.3558993339538574
494,9,44,2.32936692237854
495,9,45,2.30472731590271
496,9,46,2.2782840728759766
497,9,47,2.253335475921631
498,9,48,2.22816801071167
499,9,49,2.2049198150634766
